6 12
0 1
0 2
0 3
0 5
1 3
1 4
1 5
2 3
2 4
2 5
3 4
4 5
8 16
0 3
0 6
1 2
1 3
1 4
1 7
2 4
2 5
2 7
3 6
3 7
4 5
4 7
5 6
5 7
6 7
10 20
0 2
0 5
0 7
0 9
1 3
1 4
1 5
1 6
2 3
2 4
2 7
3 4
3 5
4 8
5 8
6 7
6 8
6 9
7 9
8 9
12 24
0 4
0 6
0 7
0 9
1 3
1 5
1 8
1 10
2 3
2 4
2 7
2 11
3 9
3 10
4 5
4 8
5 10
5 11
6 7
6 8
6 11
7 9
8 11
9 10
14 28
0 4
0 8
0 9
0 10
1 2
1 4
1 5
1 6
2 3
2 6
2 10
2 11
2 13
3 8
3 10
3 11
4 5
4 9
5 7
5 13
6 10
6 11
7 8
8 13
10 12
10 13
11 13
12 13
16 32
0 5
0 7
0 11
0 14
1 5
1 10
1 11
1 14
2 4
2 5
2 10
2 15
3 4
3 12
3 13
3 14
4 7
4 10
5 12
6 8
6 9
6 13
6 14
7 9
7 10
8 11
8 12
8 15
9 13
9 15
11 12
13 15
18 36
0 3
0 4
0 10
0 15
1 2
1 14
2 6
2 9
2 12
3 4
3 5
3 12
3 13
3 16
4 8
4 10
5 9
6 8
7 8
7 12
7 14
7 15
8 15
9 12
9 14
9 15
9 17
10 13
10 17
11 13
11 16
12 16
12 17
13 17
14 16
20 40
0 3
0 10
0 11
0 19
1 2
1 3
1 14
1 18
2 6
2 9
2 12
3 4
3 9
4 14
4 18
4 19
5 7
5 10
5 15
5 17
6 13
6 14
6 15
7 10
7 12
7 19
8 11
8 12
8 13
8 16
9 15
9 18
10 11
11 16
12 17
13 16
13 17
14 19
15 17
16 18
22 44
0 18
0 21
1 4
1 14
2 11
2 16
2 20
2 21
3 5
3 7
3 12
3 17
3 19
3 21
4 5
4 8
4 17
5 12
5 17
5 19
5 21
6 9
6 15
6 19
6 20
7 11
7 12
7 17
8 13
8 15
8 21
9 10
9 11
9 13
10 13
10 14
10 20
11 15
12 19
13 14
14 21
15 16
16 18
16 20
24 48
0 10
0 12
0 15
0 16
1 3
1 7
2 11
2 14
2 16
2 23
3 5
4 15
4 21
4 22
4 23
5 8
5 12
5 21
6 7
6 8
6 12
6 15
8 14
8 20
9 13
9 17
9 20
9 23
10 11
10 15
10 18
11 15
11 16
11 20
11 22
12 21
13 18
13 19
13 23
15 16
15 20
15 23
16 17
16 18
18 23
19 21
26 52
0 5
0 11
0 19
0 21
1 9
1 14
1 23
1 24
2 9
2 12
2 14
2 22
3 16
3 19
4 13
4 25
5 6
5 9
5 11
5 18
5 24
6 9
6 11
6 17
6 20
6 23
7 9
7 11
7 16
7 18
8 14
8 21
8 22
8 23
9 24
10 14
10 16
11 12
11 14
12 17
12 22
12 24
12 25
13 20
14 17
15 18
15 22
16 19
17 20
18 23
19 23
20 23
28 56
0 20
0 22
1 5
1 7
1 9
1 12
1 15
1 19
2 6
2 8
2 13
2 17
3 4
3 5
3 8
3 14
3 17
3 26
4 9
4 11
4 19
5 15
5 22
6 11
6 24
6 27
7 17
7 20
7 26
8 19
8 26
9 10
9 12
9 16
9 25
10 18
10 21
10 22
11 12
11 27
12 17
12 21
12 26
13 16
14 17
14 19
14 20
15 22
15 23
17 24
18 24
20 24
22 25
22 27
23 24
24 27
30 60
0 13
0 14
0 19
0 29
1 4
1 9
2 3
2 18
3 12
3 25
3 28
4 12
4 13
4 18
5 7
5 11
5 21
5 23
5 24
5 25
6 11
6 16
6 19
6 26
7 10
7 17
7 18
8 15
8 20
9 10
9 18
9 28
10 12
10 16
11 21
11 26
12 29
13 22
13 29
14 24
14 25
14 26
15 17
15 27
15 28
16 23
16 28
17 22
17 25
19 23
19 26
20 24
20 26
20 29
21 25
21 27
22 23
22 24
24 25
24 26
32 64
0 7
0 25
0 28
0 31
1 2
1 25
2 5
2 11
2 16
3 14
3 15
3 24
3 25
3 28
3 30
4 24
4 28
5 9
5 25
5 29
6 10
6 11
6 16
6 17
6 27
6 28
7 9
7 15
7 23
8 18
8 20
8 25
8 30
9 13
9 21
9 23
9 26
10 11
10 14
10 18
11 13
11 16
11 28
12 17
12 18
12 22
12 24
13 26
13 27
14 18
14 20
15 28
15 31
16 24
17 23
17 24
18 19
18 21
19 24
19 26
19 30
22 26
23 25
29 30
34 68
0 10
0 11
0 12
0 22
1 5
1 6
1 22
1 29
2 6
2 15
2 28
2 31
3 9
3 10
3 13
3 28
4 7
4 16
4 22
4 24
5 16
5 25
5 29
6 16
6 32
7 8
7 14
7 27
8 11
8 12
8 19
9 17
9 28
9 30
10 18
10 26
11 18
11 26
12 21
12 26
13 15
13 31
13 33
14 25
14 29
14 30
15 21
15 33
16 20
17 19
17 20
17 27
18 23
18 29
19 28
19 32
20 22
20 23
21 25
21 33
23 24
23 27
24 26
24 32
25 30
27 33
30 31
31 32
36 72
0 4
0 12
0 21
0 35
1 7
1 8
1 23
1 29
2 11
2 25
2 28
2 31
3 9
3 13
3 18
3 23
4 13
4 17
4 22
5 6
5 14
5 21
5 30
6 7
6 16
6 32
7 10
7 19
8 13
8 19
8 21
9 16
9 20
9 23
10 18
10 30
10 32
11 15
11 20
11 34
12 31
12 32
12 35
13 22
14 16
14 30
14 33
15 18
15 22
15 25
16 19
17 21
17 24
17 25
18 24
19 27
20 26
20 34
22 28
23 24
24 35
25 29
26 27
26 28
26 32
27 29
27 33
28 34
29 33
30 35
31 33
31 34
38 76
0 4
0 22
1 10
1 15
1 21
1 36
2 11
2 19
2 30
2 32
3 23
3 32
4 15
4 21
4 28
4 30
4 32
4 34
4 37
5 33
5 37
6 7
6 14
6 21
6 37
7 26
8 12
8 25
8 27
8 37
9 10
9 13
11 16
11 21
11 25
12 24
12 25
12 27
12 29
12 37
13 34
14 16
14 19
14 36
15 29
15 37
16 17
16 24
16 29
16 36
17 18
17 27
17 31
17 34
17 37
18 23
18 26
18 29
19 29
19 31
20 30
20 35
21 24
21 29
22 26
23 30
23 31
24 37
25 29
26 27
27 32
27 35
28 30
29 30
31 34
33 36
40 80
0 1
0 14
0 20
0 30
1 6
1 13
1 23
2 5
2 10
2 22
2 28
3 16
3 19
3 24
3 29
4 11
4 12
4 31
4 34
5 15
5 31
5 33
6 8
6 16
6 36
7 10
7 31
7 33
7 35
8 15
8 24
8 28
9 22
9 29
9 37
9 39
10 15
10 39
11 13
11 25
11 30
12 15
12 32
12 38
13 17
13 20
14 21
14 27
14 28
16 28
16 35
17 24
17 27
17 33
18 20
18 22
18 31
18 38
19 21
19 23
19 32
20 34
21 26
21 27
22 26
23 25
23 39
24 29
25 32
25 36
26 37
26 38
27 36
29 30
30 34
32 37
33 36
34 35
35 37
38 39
42 84
0 11
0 21
0 25
0 36
1 6
1 17
1 21
1 32
2 7
2 10
2 12
2 13
3 5
3 6
3 9
3 34
4 22
4 24
4 29
4 39
5 27
5 34
5 39
6 11
6 27
7 23
7 24
7 38
8 11
8 13
8 15
8 20
9 19
9 21
9 23
10 12
10 20
10 26
11 15
12 13
12 19
13 30
14 16
14 35
14 36
14 40
15 31
15 36
16 26
16 40
16 41
17 20
17 22
17 26
18 26
18 29
18 32
18 41
19 28
19 41
20 33
21 28
22 32
22 39
23 35
23 37
24 29
24 37
25 34
25 38
25 39
27 28
27 33
28 38
29 32
30 31
30 36
30 37
31 34
31 41
33 38
33 40
35 37
35 40
44 88
0 6
0 7
0 10
0 28
0 30
0 43
1 6
1 23
1 32
1 42
2 3
2 6
2 12
2 16
3 8
3 18
3 33
4 16
4 19
5 6
5 10
5 34
5 38
6 21
6 33
7 14
7 15
7 20
8 10
8 20
8 36
9 11
9 18
9 19
9 20
9 21
9 23
10 41
11 33
11 34
11 36
12 17
13 26
13 38
14 26
14 31
14 43
15 16
15 23
15 41
16 29
17 33
18 22
18 39
19 28
19 41
20 21
20 35
20 36
21 22
21 23
21 26
22 29
22 32
24 30
24 35
25 27
25 31
25 35
25 37
26 35
27 36
27 40
27 42
28 33
28 34
28 37
28 40
29 30
29 34
30 31
31 37
33 43
37 43
38 39
38 42
40 41
40 42
46 92
0 1
0 5
0 33
0 38
1 4
1 25
1 37
2 21
2 36
2 37
2 45
3 7
3 34
3 37
3 41
4 10
4 12
4 26
5 8
5 22
5 26
6 13
6 30
6 35
6 38
7 9
7 14
7 27
8 11
8 21
8 22
9 24
9 36
9 40
10 17
10 19
10 29
11 20
11 28
11 42
12 14
12 38
12 43
13 18
13 25
13 44
14 18
14 41
15 17
15 23
15 24
15 37
16 21
16 26
16 31
16 40
17 22
17 45
18 19
18 30
19 20
19 38
20 34
20 36
21 25
22 41
23 31
23 32
23 45
24 31
24 42
25 34
26 39
27 29
27 33
27 43
28 35
28 40
28 42
29 32
29 34
30 32
30 35
31 39
32 36
33 41
33 43
35 44
39 43
39 45
40 44
42 44
48 96
0 2
0 32
0 42
0 46
1 3
1 10
1 40
1 47
2 14
2 30
2 37
3 19
3 23
3 26
4 12
4 24
4 25
4 27
5 9
5 10
5 27
5 42
6 7
6 11
6 21
6 25
7 20
7 35
7 38
8 14
8 16
8 32
8 35
9 18
9 31
9 39
10 16
10 43
11 14
11 23
11 37
12 15
12 25
12 29
13 19
13 26
13 31
13 33
14 17
15 33
15 37
15 38
16 29
16 47
17 30
17 40
17 43
18 23
18 26
18 39
19 22
19 32
20 23
20 24
20 46
21 34
21 35
21 46
22 25
22 28
22 36
24 28
24 43
26 28
27 28
27 34
29 36
29 41
30 31
30 38
31 44
32 45
33 40
33 45
34 42
34 45
35 41
36 38
36 46
37 39
39 40
41 44
41 47
42 44
43 45
44 47
50 100
0 12
0 21
0 24
0 40
1 8
1 22
1 26
1 32
2 4
2 11
2 24
2 38
3 6
3 14
3 29
3 43
4 20
4 24
4 29
5 12
5 22
5 45
5 49
6 9
6 10
6 38
7 9
7 38
7 48
7 49
8 10
8 13
8 22
9 27
9 46
10 15
10 35
11 31
11 32
11 49
12 37
12 47
13 25
13 39
13 45
14 17
14 27
14 33
15 17
15 39
15 48
16 25
16 30
16 32
16 42
17 25
17 28
18 19
18 29
18 38
18 43
19 21
19 35
19 36
20 21
20 28
20 48
21 24
22 30
23 28
23 33
23 34
23 47
25 40
26 31
26 36
26 47
27 30
27 46
28 41
29 44
30 31
31 32
33 40
33 44
34 35
34 41
34 49
35 44
36 37
36 39
37 39
37 41
40 46
41 42
42 43
42 48
43 45
44 45
46 47
