6 12
0 1
0 2
0 4
0 5
1 2
1 3
1 4
1 5
2 4
3 4
3 5
4 5
8 16
0 3
0 4
0 5
1 3
1 4
1 6
2 5
2 6
2 7
3 4
3 6
3 7
4 5
4 6
5 6
6 7
10 20
0 1
0 6
0 9
1 3
1 6
2 4
2 5
2 8
2 9
3 4
3 5
3 6
4 5
4 7
4 9
5 7
5 8
5 9
6 7
8 9
12 24
0 5
0 6
0 8
0 10
1 3
1 7
1 10
2 3
2 5
2 7
2 9
3 7
3 8
3 9
3 11
4 5
4 6
4 11
5 8
6 10
7 11
8 9
8 10
10 11
14 28
0 6
0 10
0 12
0 13
1 2
1 7
1 10
1 11
1 12
2 4
2 5
2 10
3 6
3 7
3 9
3 10
3 11
4 6
4 8
4 11
5 7
5 11
5 13
6 9
6 12
7 13
8 11
10 12
16 32
0 1
0 6
0 11
1 7
1 8
1 10
1 12
2 3
2 10
2 14
2 15
3 4
3 5
3 6
3 14
3 15
4 8
4 11
4 14
4 15
5 6
5 13
5 14
6 10
6 15
7 10
8 9
8 11
9 10
9 12
13 14
14 15
18 36
0 3
0 5
0 6
0 10
0 15
0 17
1 3
1 4
1 6
1 9
1 11
1 12
2 4
2 5
2 10
2 14
3 7
4 13
5 10
5 14
5 15
6 9
6 16
7 9
7 14
8 9
8 11
8 14
8 16
9 17
10 16
11 15
11 17
12 17
13 15
15 17
20 40
0 6
0 10
1 5
1 9
1 10
1 16
1 19
2 3
2 9
2 14
2 18
2 19
3 6
3 7
3 16
4 9
4 17
5 11
5 13
5 16
5 19
6 9
6 10
6 11
6 15
6 16
7 11
7 14
7 19
8 10
8 12
8 13
8 19
11 19
12 13
15 16
15 17
15 18
15 19
16 17
22 44
0 3
0 7
0 10
0 13
1 6
1 8
1 9
1 19
2 5
2 8
2 10
2 21
3 10
4 10
4 15
4 16
4 19
4 20
5 13
5 20
6 12
7 11
7 17
7 18
7 20
8 9
8 12
8 16
9 16
9 17
9 19
10 17
10 18
11 15
11 16
11 18
12 14
12 19
12 21
13 20
14 19
14 20
15 18
18 20
24 48
0 4
0 20
0 23
1 2
1 3
1 12
1 15
2 10
2 15
2 16
2 20
2 23
3 12
3 14
3 20
3 22
4 6
4 10
4 11
4 22
5 10
5 11
5 21
5 23
6 10
7 8
7 9
7 14
7 15
7 19
7 21
8 21
8 23
9 12
9 13
9 19
10 14
11 18
12 17
13 15
14 19
15 19
16 18
16 22
17 22
18 21
20 23
21 22
26 52
0 10
0 15
0 17
0 18
0 20
0 23
1 2
1 3
1 14
2 6
2 16
2 22
2 24
3 4
3 9
3 18
3 20
4 7
4 10
4 22
5 6
5 8
5 11
5 20
6 11
6 14
7 17
7 20
7 24
8 11
8 19
8 21
9 10
9 13
9 21
9 25
10 15
11 13
11 19
12 19
12 22
13 18
13 21
14 18
15 17
16 24
18 23
18 24
18 25
19 21
20 23
22 25
28 56
0 4
0 16
0 17
0 27
1 4
1 14
1 15
1 16
2 5
2 6
2 9
2 18
3 13
3 14
4 7
4 10
4 13
4 14
4 16
4 27
5 10
5 19
6 24
7 11
7 15
7 23
8 9
8 12
8 19
8 20
8 24
9 20
9 21
10 11
10 16
10 22
11 23
11 26
12 16
13 15
13 16
14 16
14 26
15 17
15 23
16 23
16 27
18 27
19 20
19 22
19 26
21 23
21 24
22 25
23 25
25 27
30 60
0 2
0 4
0 5
0 23
1 3
1 12
1 28
2 11
2 14
2 26
2 27
3 9
3 20
3 24
4 15
4 26
4 27
5 21
5 24
5 25
5 28
6 7
6 9
6 13
7 8
7 10
7 16
7 21
8 12
8 21
8 24
8 25
9 15
9 16
10 12
10 13
10 17
11 19
11 20
11 29
12 14
12 15
12 17
13 16
14 15
14 26
15 18
16 17
16 23
16 24
17 19
17 22
17 23
17 27
18 20
19 20
19 22
19 29
20 24
22 25
32 64
0 1
0 8
0 9
1 4
1 13
1 16
1 21
2 5
2 16
2 25
2 30
3 12
3 14
3 17
3 20
3 27
4 22
4 30
5 7
5 14
5 25
5 27
5 28
6 9
6 18
6 19
7 9
7 20
7 21
7 27
8 14
8 22
9 20
10 15
10 17
10 26
11 23
11 24
11 26
12 13
12 17
12 19
12 20
12 27
12 28
13 14
14 18
14 31
15 16
15 18
15 29
16 23
17 21
18 19
19 27
21 25
22 23
23 24
23 26
23 31
24 29
26 30
27 28
28 31
34 68
0 13
0 22
0 28
1 4
1 6
1 10
1 14
1 29
2 20
2 25
2 26
2 30
3 7
3 10
3 12
3 19
3 21
4 9
4 13
5 7
5 23
5 32
6 17
6 21
6 23
6 28
6 29
6 30
7 9
7 10
7 12
7 23
7 25
8 18
8 31
8 32
9 33
10 24
10 25
11 14
11 24
12 23
12 27
13 15
13 26
14 20
14 28
15 16
15 21
15 25
16 25
17 22
18 19
18 28
19 23
19 31
19 33
20 32
21 26
22 24
22 32
23 27
27 29
27 30
29 30
29 31
30 32
30 33
36 72
0 1
0 6
0 23
1 11
1 14
1 32
2 4
2 19
2 29
3 4
3 5
3 9
3 16
4 8
4 15
4 16
4 30
4 32
4 35
5 7
5 12
5 17
5 24
6 10
6 21
7 13
7 20
8 13
8 23
8 32
9 14
9 18
9 25
10 22
11 13
11 19
11 20
11 21
11 25
12 15
12 35
13 21
14 25
14 28
14 30
15 22
15 30
16 17
16 19
17 19
17 28
18 31
18 35
19 25
19 30
20 26
21 22
21 27
23 24
23 28
24 26
24 33
25 29
25 34
26 34
27 33
28 34
29 30
29 31
29 33
31 32
34 35
38 76
0 7
0 24
1 2
1 33
1 35
2 5
2 14
2 21
2 27
3 9
3 13
3 25
3 26
3 33
4 14
4 19
5 13
5 21
5 22
5 28
6 8
6 9
6 16
6 20
7 14
7 16
7 20
7 36
8 19
8 24
8 25
9 11
9 17
9 25
10 12
10 15
10 17
10 35
11 12
11 27
11 32
12 19
12 31
13 20
13 23
14 20
15 31
15 36
16 31
17 18
17 20
17 35
18 19
18 23
18 27
19 32
19 33
19 36
19 37
21 24
21 33
21 37
22 29
22 34
23 32
25 29
26 30
27 30
27 36
28 32
28 34
30 33
30 34
31 35
33 34
35 37
40 80
0 30
0 36
0 39
1 3
1 9
1 11
1 31
1 32
2 20
2 28
2 33
3 12
3 17
3 30
3 32
4 12
4 19
5 7
5 20
5 24
6 8
6 14
6 29
6 33
7 21
7 27
7 36
8 13
8 16
8 18
8 30
9 13
9 17
9 19
10 11
10 25
10 34
10 39
11 17
11 25
12 21
12 24
12 29
13 20
13 31
13 35
14 18
14 28
14 37
15 17
15 20
15 22
15 32
15 34
16 29
16 38
17 22
17 25
17 36
18 29
19 26
19 32
20 21
20 27
20 31
20 39
21 25
22 24
23 26
23 28
24 27
25 26
26 34
26 36
27 30
31 36
33 38
34 36
35 37
38 39
42 84
0 28
0 39
1 27
1 30
1 39
2 13
2 23
2 30
2 41
3 19
3 33
3 41
4 8
4 29
4 35
4 36
5 6
5 23
5 26
5 31
5 37
6 9
6 15
6 18
6 23
7 9
7 22
7 33
7 39
7 40
8 11
8 14
8 15
8 16
8 30
9 17
9 32
10 16
10 26
10 28
11 19
11 34
11 41
12 25
12 26
13 21
13 37
14 25
14 26
14 28
14 36
15 23
15 29
15 40
16 24
17 37
18 27
18 31
19 32
19 41
20 23
20 32
21 30
21 35
21 40
22 36
22 40
24 29
24 35
25 33
25 35
25 40
25 41
26 29
26 31
26 39
26 41
28 41
29 34
29 38
30 41
31 34
34 37
35 38
44 88
0 22
0 23
0 38
1 3
1 6
1 10
1 18
1 24
2 11
2 27
2 30
3 14
3 17
3 25
3 37
3 39
4 6
4 13
4 26
5 9
5 15
5 19
5 24
6 13
6 20
6 28
6 34
7 16
7 30
7 31
8 15
8 20
9 10
9 22
9 26
9 27
10 12
10 13
10 17
10 33
10 39
11 12
11 16
11 28
12 34
13 29
13 37
14 19
14 30
14 31
14 33
14 34
15 20
16 18
17 26
17 28
17 35
17 42
17 43
18 34
18 37
18 38
19 25
19 40
20 22
21 33
21 38
22 30
23 33
25 26
25 42
26 35
26 39
27 36
28 29
29 39
30 32
32 42
34 36
35 36
36 40
36 41
37 40
38 40
38 41
39 42
40 41
42 43
46 92
0 2
0 19
1 7
1 18
1 36
1 39
2 6
3 14
3 25
3 38
3 41
3 44
4 9
4 14
4 16
4 25
4 40
4 43
5 21
5 27
5 32
6 7
6 37
6 44
7 20
7 26
7 39
8 12
8 21
8 35
8 37
9 36
10 26
10 28
10 35
11 17
11 25
12 14
12 19
13 22
13 34
13 42
14 30
14 34
15 21
15 34
15 36
15 37
16 18
16 20
16 23
16 28
17 39
18 24
18 29
19 37
20 28
20 30
20 42
21 29
21 33
21 35
21 39
22 31
23 28
23 31
23 35
23 45
24 27
24 32
24 38
25 30
26 43
27 33
28 31
28 45
29 33
29 36
29 41
30 40
30 41
32 35
32 43
34 37
34 39
34 41
35 37
35 38
38 44
40 45
41 43
41 44
48 96
0 16
0 24
0 34
1 5
1 12
1 17
1 29
1 35
2 3
2 10
2 16
3 5
3 9
3 11
3 27
4 13
4 30
4 32
4 39
5 6
5 11
6 32
6 35
6 37
7 9
7 10
7 23
7 44
8 20
8 34
8 43
9 15
9 18
9 36
9 38
9 40
9 45
10 27
10 33
12 19
12 21
12 26
12 43
13 25
13 46
14 40
14 46
15 16
15 31
15 33
15 37
16 32
16 44
17 28
17 43
18 24
18 27
18 29
18 38
19 23
19 25
20 40
20 43
20 45
21 37
21 43
22 28
22 29
22 34
22 36
23 30
23 35
23 36
23 39
23 42
24 36
25 28
26 39
27 37
28 31
28 46
29 43
29 45
29 46
30 41
32 36
33 38
33 42
34 35
34 37
35 47
36 42
37 41
40 42
41 47
43 45
50 100
0 3
0 10
0 21
1 15
1 34
1 41
1 43
2 10
2 19
2 39
3 7
3 23
3 38
3 48
4 9
4 10
4 21
4 28
4 31
4 47
4 49
5 8
5 41
5 43
6 12
6 15
6 25
6 33
7 9
7 12
7 17
7 21
8 16
8 31
9 17
9 18
9 30
10 13
10 32
10 35
11 12
11 37
11 42
12 38
12 46
13 18
13 32
13 36
13 37
13 44
14 16
14 25
14 26
14 32
15 25
15 26
15 29
15 32
15 36
15 38
16 22
16 26
16 43
17 20
18 44
19 35
19 36
19 48
20 22
20 24
20 37
20 44
22 41
22 46
23 43
23 48
24 28
25 30
26 29
26 36
26 42
27 38
27 39
27 40
27 47
28 35
28 49
31 41
32 35
32 49
33 36
34 37
34 49
35 43
39 46
40 48
40 49
42 45
44 47
45 47
